all: 0.13348388671875
most: 0.395263671875
a: 0.86651611328125
many: 0.7669677734375
no: 0.13348388671875
